(25,)
-0.12054998427629471
-0.13027994334697723
-0.11087130010128021
-0.12509785592556
-0.42107027769088745
-0.4411804974079132
-0.42243900895118713
-0.4570663869380951
0.06176302954554558
0.0019472356652840972
0.05438151955604553
0.0034739957191050053
0.13442562520503998
0.1284283995628357
0.2202213853597641
0.10004882514476776
0.29342830181121826
0.3671285808086395
0.27706819772720337
0.22060038149356842
-0.01415939163416624
0.024987686425447464
0.059605684131383896
-0.010022185742855072
0.1096796840429306