(10, 1, 7, 7)
0.1291223168373108
0.10670114308595657
0.19842764735221863
0.2627478539943695
0.1624940186738968
-0.14077608287334442
-0.16659393906593323
0.05672040954232216
0.14692164957523346
0.24307923018932343
0.21266122162342072
0.16849824786186218
-0.08440343290567398
-0.2975117266178131
0.12587961554527283
0.2357279509305954
0.3846066892147064
0.2533567547798157
0.09565960615873337
-0.24978584051132202
-0.5369060635566711
0.1462451070547104
0.29095324873924255
0.2800346612930298
0.3852136433124542
-0.09775493294000626
-0.30737778544425964
-0.4504144787788391
0.18059994280338287
0.31007251143455505
0.3092447817325592
0.23588620126247406
-0.1160583645105362
-0.42459836602211
-0.40793365240097046
0.07380615919828415
0.23264901340007782
0.27627137303352356
0.09360557049512863
-0.12361029535531998
-0.32581567764282227
-0.3948124349117279
-0.11842838674783707
0.14834626019001007
0.020634131506085396
-0.05615256354212761
-0.24161574244499207
-0.209128737449646
-0.37929046154022217
-0.3048594892024994
-0.43768545985221863
-0.3987245559692383
-0.406293123960495
-0.36075761914253235
-0.19197991490364075
-0.1309562474489212
-0.14854022860527039
-0.24143829941749573
-0.3754289150238037
-0.35984548926353455
-0.35492733120918274
-0.2738506495952606
-0.2772890031337738
-0.05791298300027847
0.0011470828903838992
-0.10022886842489243
-0.23068226873874664
-0.14537383615970612
-0.2359323352575302
-0.22051134705543518
0.19042836129665375
0.14443840086460114
0.19660823047161102
-0.005534869618713856
0.035998258739709854
-0.08340582251548767
-0.1949065774679184
0.13917504251003265
0.1805613487958908
0.24652284383773804
0.1529572755098343
0.2457907646894455
0.15992769598960876
-0.07709268480539322
0.23951591551303864
0.32202181220054626
0.36036592721939087
0.3018322288990021
0.2335938662290573
0.3190732002258301
0.14977453649044037
0.1547071635723114
0.1598517745733261
0.29903021454811096
0.32455915212631226
0.3627496659755707
0.2962741255760193
0.35493868589401245
0.11500690877437592
0.13449299335479736
0.24669364094734192
0.03888356313109398
0.020949063822627068
0.1275867223739624
-0.014865013770759106
0.21231158077716827
0.026590457186102867
0.04556766897439957
0.22278185188770294
0.16910302639007568
0.15626181662082672
0.08978953212499619
0.013274396769702435
0.1589534431695938
0.06247760355472565
0.13985447585582733
0.14043505489826202
0.036547183990478516
0.08599035441875458
0.11289533227682114
0.06745684891939163
0.0065130628645420074
0.08689907938241959
0.15325112640857697
0.004506843630224466
0.06461121141910553
0.017736705020070076
0.16953220963478088
0.13839387893676758
0.09073696285486221
-0.006426534615457058
0.08542482554912567
0.05087096616625786
0.03822309151291847
-0.011745600029826164
0.11110279709100723
0.09863936901092529
0.030656062066555023
0.07696367055177689
0.012180709280073643
-0.06553469598293304
0.0436464287340641
0.03965556249022484
0.0884399488568306
0.1981145739555359
0.08124498277902603
-0.031900011003017426
0.2204013168811798
0.0869738981127739
0.10723412036895752
0.04339784383773804
0.04686054214835167
-0.24880412220954895
-0.40621432662010193
0.18819954991340637
0.17315049469470978
0.23276816308498383
-0.008373641408979893
-0.12439166754484177
-0.25840386748313904
-0.40893253684043884
0.345367431640625
0.30070728063583374
0.1778244525194168
-0.05890454724431038
-0.06069356948137283
-0.3424254357814789
-0.4791218042373657
0.3621487617492676
0.2923920750617981
0.22057394683361053
-0.020992200821638107
-0.1331310272216797
-0.3702482283115387
-0.45671194791793823
0.4029955565929413
0.2647678256034851
0.15613596141338348
-0.046950966119766235
-0.17722441256046295
-0.3166954815387726
-0.42830410599708557
0.33568432927131653
0.18909098207950592
0.25177109241485596
-0.0880698412656784
-0.21042554080486298
-0.2249739021062851
-0.313409686088562
0.4119724631309509
0.1841738522052765
0.1727266013622284
-0.031102027744054794
-0.22140240669250488
-0.17890530824661255
-0.2532590329647064
0.2050757110118866
0.2551390826702118
0.39208292961120605
0.4000079035758972
0.35058218240737915
0.3433549404144287
0.4016996920108795
0.15195998549461365
0.2026854306459427
0.1329851895570755
0.30491307377815247
0.3252633810043335
0.3959372937679291
0.3212956488132477
0.07639218866825104
0.0925569087266922
0.16588546335697174
0.11704368144273758
0.13623301684856415
0.19654056429862976
0.18532390892505646
-0.037777334451675415
0.09574266523122787
-0.07453560829162598
-0.17823316156864166
-0.13604386150836945
-0.10420111566781998
-0.007090252358466387
-0.18206672370433807
-0.11316976696252823
-0.20155192911624908
-0.3215712606906891
-0.41660618782043457
-0.3582562804222107
-0.3338567614555359
-0.12566611170768738
-0.16268004477024078
-0.230088472366333
-0.5151685476303101
-0.4699668884277344
-0.4072721600532532
-0.5162796378135681
-0.13440963625907898
-0.1481562852859497
-0.35688477754592896
-0.5270906090736389
-0.5604690313339233
-0.5327199697494507
-0.41566529870033264
-0.3018544912338257
-0.21168360114097595
-0.3035278022289276
-0.446434885263443
-0.4233091473579407
-0.2430969774723053
-0.3021014928817749
-0.13842996954917908
-0.2538498640060425
-0.2981008291244507
-0.36401280760765076
-0.43543320894241333
-0.42663970589637756
-0.45656535029411316
0.006488360930234194
-0.13021408021450043
-0.1515742391347885
-0.22899460792541504
-0.22441627085208893
-0.3456791937351227
-0.29299646615982056
0.1172080785036087
0.11323148012161255
0.10067082196474075
0.10064546763896942
0.0936453565955162
-0.14924396574497223
0.0008849204168654978
0.17432545125484467
0.15517953038215637
0.2493562400341034
0.33341291546821594
0.3110122084617615
0.13464201986789703
0.20841164886951447
0.12432552129030228
0.23874349892139435
0.2287701666355133
0.4190479516983032
0.3741312026977539
0.33790361881256104
0.1290004402399063
0.12689192593097687
0.14697489142417908
0.2608320713043213
0.21338708698749542
0.259215772151947
0.39532265067100525
0.1429566740989685
-0.004523234907537699
0.03131082281470299
0.0659748762845993
0.21187761425971985
0.10203813761472702
-0.00609706761315465
-0.36029601097106934
0.06337796896696091
-0.07504496723413467
0.01891362853348255
0.2746146023273468
0.13474930822849274
-0.12825839221477509
-0.45294398069381714
0.01978364959359169
-0.07130182534456253
0.06589927524328232
0.3411658704280853
0.09147363901138306
-0.14217594265937805
-0.4261690676212311
-0.03944724053144455
-0.08172847330570221
0.04093024507164955
0.2792447805404663
0.12793254852294922
-0.16236232221126556
-0.4306374788284302
-0.033149901777505875
-0.13182416558265686
-0.03525254502892494
0.2641527056694031
0.13838620483875275
0.027575979009270668
-0.385658860206604
-0.011377150192856789
-0.05644473060965538
-0.057117756456136703
0.2920326590538025
0.04995584860444069
-0.32298898696899414
-0.2724975347518921
-0.23925241827964783
-0.11580528318881989
-0.06483388692140579
0.2151281088590622
0.04230872541666031
-0.27484530210494995
-0.30587053298950195
-0.29784396290779114
-0.1990722119808197
-0.09356091171503067
-0.029716655611991882
0.002461027819663286
0.007994001731276512
-0.00518260570243001
-0.22780869901180267
-0.20387710630893707
0.04637134447693825
-0.025565292686223984
-0.050545550882816315
-0.06752540916204453
-0.1140478104352951
-0.054202210158109665
0.06341823190450668
0.2234106808900833
0.27304166555404663
0.174685999751091
0.16786237061023712
0.13629381358623505
0.05237777903676033
0.25012972950935364
0.3260587155818939
0.36000874638557434
0.26569250226020813
0.11473368853330612
0.19172893464565277
-0.19390489161014557
0.08927571028470993
0.13510479032993317
0.2545415163040161
0.1774120032787323
0.10779739171266556
-0.016078656539320946
-0.2882688641548157
-0.06581267714500427
-0.1196916252374649
0.14150746166706085
-0.1470928192138672
-0.15522590279579163
-0.07871963083744049
-0.4762786626815796
-0.3394518196582794
-0.2501305639743805
0.06671690195798874
-0.13364575803279877
-0.20153839886188507
-0.2434033304452896
0.11353083699941635
0.01530674658715725
0.11773382872343063
0.09568167477846146
0.19984108209609985
0.20410045981407166
0.2614865005016327
0.16049203276634216
0.04081525281071663
0.04373832046985626
0.18275941908359528
0.13625766336917877
-0.039605382829904556
0.14853554964065552
0.17304737865924835
0.09546337276697159
0.11147872358560562
0.060321465134620667
0.005352619104087353
0.14115551114082336
0.1048034057021141
0.13649262487888336
0.23561328649520874
0.16970141232013702
0.1315869241952896
0.13497072458267212
0.22499100863933563
0.2739607095718384
0.2247537523508072
0.13573244214057922
-0.04352988675236702
0.12546010315418243
0.12703260779380798
0.12113095074892044
0.2267865240573883
-0.08447671681642532
0.0030400429386645555
0.09679359197616577
0.057984136044979095
0.0008808856946416199
0.14679878950119019
0.17549705505371094
-0.02040863409638405
0.038044724613428116
0.10374626517295837
0.06330011039972305
0.10734256356954575
0.04702337458729744
0.08594483882188797
-0.3547521233558655
-0.3416784107685089
-0.20157304406166077
0.09653143584728241
0.18986648321151733
0.2299303412437439
0.07788678258657455
-0.34842267632484436
-0.36761802434921265
-0.25802722573280334
0.1991153061389923
0.32717016339302063
0.2919711768627167
0.16943256556987762
-0.25948673486709595
-0.4694426655769348
-0.3526138961315155
0.2358909398317337
0.38756251335144043
0.32787683606147766
0.1456328183412552
-0.4345144033432007
-0.46262913942337036
-0.2508658766746521
0.39312368631362915
0.36690548062324524
0.3471585810184479
0.0949908122420311
-0.3873266875743866
-0.558397114276886
-0.19444207847118378
0.25237736105918884
0.3753027021884918
0.45753559470176697
0.23217378556728363
-0.3166746199131012
-0.46275171637535095
-0.1041036993265152
0.2613052725791931
0.4185692369937897
0.36305102705955505
0.07608526945114136
-0.37857484817504883
-0.27654731273651123
-0.27390795946121216
0.28610819578170776
0.35572707653045654
0.26113736629486084
0.14140428602695465